4	0	-408.68726	-810.11494	0.5302065	0
4	3	-454.05095	-808.12027	2.5248765	5
4	3	-454.04438	-808.1137	2.5314465	10
4	3	-454.03867	-808.10799	2.5371565	15
4	3	-453.98965	-808.05897	2.5861765	20
4	2	-438.97371	-808.82915	1.8159965	25
4	2	-439.00895	-808.86439	1.7807565	30
4	2	-438.99662	-808.85206	1.7930865	35
4	2	-439.00625	-808.86169	1.7834565	40
4	2	-438.9848	-808.84024	1.8049065	45
4	3	-453.96284	-808.03216	2.6129865	50
4	1	-423.97114	-809.6127	1.0324465	55
4	2	-438.95857	-808.81401	1.8311365	60
4	2	-438.99549	-808.85093	1.7942165	65
4	3	-454.00206	-808.07138	2.5737665	70
4	2	-439.00876	-808.8642	1.7809465	75
4	2	-438.9762	-808.83164	1.8135065	80
4	3	-453.98489	-808.05421	2.5909365	85
4	3	-454.04065	-808.10997	2.5351765	90
4	3	-453.86698	-807.9363	2.7088465	95
4	3	-454.03988	-808.1092	2.5359465	100
4	2	-438.98287	-808.83831	1.8068365	105
4	2	-438.99742	-808.85286	1.7922865	110
4	2	-438.99051	-808.84595	1.7991965	115
4	1	-423.97462	-809.61618	1.0289665	120
4	3	-454.00395	-808.07327	2.5718765	125
4	3	-453.94129	-808.01061	2.6345365	130
4	1	-423.91849	-809.56005	1.0850965	1
4	2	-438.98255	-808.83799	1.8071565	6
4	3	-454.08052	-808.14984	2.4953065	11
4	3	-454.06545	-808.13477	2.5103765	16
4	3	-453.97852	-808.04784	2.5973065	21
4	3	-454.0221	-808.09142	2.5537265	26
4	3	-454.0421	-808.11142	2.5337265	31
4	3	-454.04673	-808.11605	2.5290965	36
4	2	-439.00028	-808.85572	1.7894265	41
4	3	-454.04659	-808.11591	2.5292365	46
4	3	-453.98675	-808.05607	2.5890765	51
4	3	-454.05405	-808.12337	2.5217765	56
4	3	-454.05332	-808.12264	2.5225065	61
4	1	-423.9818	-809.62336	1.0217865	66
4	3	-454.00993	-808.07925	2.5658965	71
4	1	-423.96554	-809.6071	1.0380465	76
4	3	-453.88416	-807.95348	2.6916665	81
4	2	-438.98287	-808.83831	1.8068365	86
4	1	-423.98265	-809.62421	1.0209365	91
4	3	-453.97183	-808.04115	2.6039965	96
4	3	-454.0504	-808.11972	2.5254265	101
4	2	-438.9898	-808.84524	1.7999065	106
4	3	-454.04663	-808.11595	2.5291965	111
4	2	-438.98966	-808.8451	1.8000465	116
4	1	-423.94304	-809.5846	1.0605465	121
4	2	-439.01211	-808.86755	1.7775965	126
4	3	-453.98477	-808.05409	2.5910565	131
4	2	-438.97951	-808.83495	1.8101965	2
4	3	-453.97	-808.03932	2.6058265	7
4	1	-423.97143	-809.61299	1.0321565	12
4	2	-438.9572	-808.81264	1.8325065	17
4	2	-438.99876	-808.8542	1.7909465	22
4	3	-453.86521	-807.93453	2.7106165	27
4	3	-454.03558	-808.1049	2.5402465	32
3	2	-433.25868	-808.4707	2.1744465	37
4	1	-423.97884	-809.6204	1.0247465	42
4	2	-438.98639	-808.84183	1.8033165	47
4	2	-438.98934	-808.84478	1.8003665	52
4	3	-453.9695	-808.03882	2.6063265	57
4	3	-454.00812	-808.07744	2.5677065	62
4	3	-454.05344	-808.12276	2.5223865	67
4	3	-454.04726	-808.11658	2.5285665	72
4	2	-438.99688	-808.85232	1.7928265	77
4	3	-454.05653	-808.12585	2.5192965	82
4	3	-453.98156	-808.05088	2.5942665	87
4	3	-454.07499	-808.14431	2.5008365	92
4	3	-454.05099	-808.12031	2.5248365	97
4	3	-453.97212	-808.04144	2.6037065	102
4	3	-454.00362	-808.07294	2.5722065	107
4	2	-439.00395	-808.85939	1.7857565	112
4	2	-438.98414	-808.83958	1.8055665	117
4	2	-438.97115	-808.82659	1.8185565	122
4	3	-454.04766	-808.11698	2.5281665	127
4	2	-438.96863	-808.82407	1.8210765	3
4	3	-454.02711	-808.09643	2.5487165	8
4	1	-423.97821	-809.61977	1.0253765	13
4	3	-454.05434	-808.12366	2.5214865	18
4	3	-454.04165	-808.11097	2.5341765	23
4	3	-454.05099	-808.12031	2.5248365	28
4	3	-454.03315	-808.10247	2.5426765	33
4	2	-438.9859	-808.84134	1.8038065	38
4	2	-439.00834	-808.86378	1.7813665	43
4	3	-454.04918	-808.1185	2.5266465	48
4	2	-438.98346	-808.8389	1.8062465	53
4	2	-439.00606	-808.8615	1.7836465	58
4	3	-453.98937	-808.05869	2.5864565	63
4	2	-438.98496	-808.8404	1.8047465	68
4	3	-453.98951	-808.05883	2.5863165	73
4	3	-453.97903	-808.04835	2.5967965	78
4	1	-423.97119	-809.61275	1.0323965	83
4	2	-438.97495	-808.83039	1.8147565	88
4	2	-438.97396	-808.8294	1.8157465	93
4	2	-439.00088	-808.85632	1.7888265	98
4	3	-454.0656	-808.13492	2.5102265	103
4	3	-454.0462	-808.11552	2.5296265	108
4	3	-454.04697	-808.11629	2.5288565	113
4	3	-454.03794	-808.10726	2.5378865	118
4	2	-438.99685	-808.85229	1.7928565	123
4	3	-454.03987	-808.10919	2.5359565	128
4	2	-439.01919	-808.87463	1.7705165	4
4	3	-453.86464	-807.93396	2.7111865	9
4	3	-453.98989	-808.05921	2.5859365	14
4	2	-439.01019	-808.86563	1.7795165	19
4	2	-438.97621	-808.83165	1.8134965	24
4	3	-454.04711	-808.11643	2.5287165	29
4	3	-453.96909	-808.03841	2.6067365	34
4	1	-423.973	-809.61456	1.0305865	39
4	2	-439.00547	-808.86091	1.7842365	44
4	3	-454.01499	-808.08431	2.5608365	49
4	3	-453.98521	-808.05453	2.5906165	54
4	2	-438.98574	-808.84118	1.8039665	59
4	3	-454.04298	-808.1123	2.5328465	64
4	2	-439.00298	-808.85842	1.7867265	69
4	3	-453.85054	-807.91986	2.7252865	74
4	1	-423.97674	-809.6183	1.0268465	79
4	1	-423.98862	-809.63018	1.0149665	84
4	2	-439.01405	-808.86949	1.7756565	89
4	3	-454.00154	-808.07086	2.5742865	94
4	2	-439.02724	-808.88268	1.7624665	99
4	3	-453.86462	-807.93394	2.7112065	104
4	2	-438.9938	-808.84924	1.7959065	109
4	2	-439.00505	-808.86049	1.7846565	114
4	2	-438.98165	-808.83709	1.8080565	119
4	2	-438.95346	-808.8089	1.8362465	124
4	2	-438.98775	-808.84319	1.8019565	129
