3.0  1.0  -418.39406 -809.3922 1.2529465000000073 0
3.0  2.0  -433.87263 -809.08465 1.5604964999999993 10
3.0  3.0  -449.15292 -808.57882 2.0663265000000592 20
3.0  3.0  -449.07367 -808.49957 2.145576500000061 30
3.0  3.0  -449.06688 -808.49278 2.152366499999971 40
3.0  3.0  -449.07985 -808.50575 2.1393964999999753 50
3.0  3.0  -449.06361 -808.4895099999999 2.155636500000128 60
3.0  2.0  -432.8468 -808.05882 2.586326500000041 70
3.0  3.0  -449.07227 -808.4981700000001 2.146976499999937 80
3.0  3.0  -449.06385 -808.48975 2.1553965000000517 90
3.0  3.0  -449.07805 -808.50395 2.141196499999978 100
5.0  1.0  -428.5572 -808.8421800000001 1.8029664999999113 1
3.0  2.0  -433.8741 -809.08612 1.559026499999959 11
3.0  2.0  -433.39941 -808.61143 2.0337164999999686 21
3.0  3.0  -449.0726 -808.4984999999999 2.146646500000088 31
3.0  3.0  -449.07253 -808.4984299999999 2.1467165000001387 41
3.0  3.0  -449.06817 -808.49407 2.1510765000000447 51
3.0  2.0  -433.87393 -809.08595 1.5591964999999846 61
2.0  3.0  -444.12307 -808.90555 1.7395965000000615 71
7.0  1.0  -437.93441 -807.50623 3.1389165000000503 81
3.0  3.0  -449.06972 -808.4956199999999 2.1495265000000927 91
5.0  2.0  -445.93962 -810.43848 0.206666499999983 101
7.0  1.0  -437.95273 -807.52455 3.1205965000000333 2
3.0  2.0  -433.4509 -808.66292 1.9822265000000243 12
3.0  3.0  -449.15903 -808.58493 2.060216500000024 22
3.0  3.0  -449.07456 -808.50046 2.1446865000000344 32
3.0  3.0  -449.07327 -808.49917 2.1459764999999607 42
3.0  3.0  -449.06705 -808.4929500000001 2.1521964999999454 52
3.0  3.0  -449.0779 -808.5038 2.141346500000054 62
3.0  3.0  -449.1561 -808.5819999999999 2.06314650000013 72
3.0  2.0  -433.86999 -809.08201 1.5631365000000415 82
4.0  2.0  -438.60579 -808.46123 2.1839165000000094 92
3.0  3.0  -449.07115 -808.49705 2.148096500000065 102
3.0  3.0  -449.07044 -808.4963399999999 2.1488065000000915 3
2.0  3.0  -444.11899 -808.90147 1.7436764999999923 13
3.0  2.0  -433.87523 -809.08725 1.5578964999999698 23
2.0  3.0  -444.14089 -808.92337 1.7217765000000327 33
2.0  3.0  -444.12876 -808.9112399999999 1.7339065000001028 43
2.0  3.0  -444.14156 -808.9240400000001 1.7211064999999053 53
3.0  3.0  -449.07541 -808.5013099999999 2.143836500000134 63
3.0  3.0  -449.07595 -808.5018499999999 2.143296500000133 73
3.0  2.0  -433.86308 -809.0751 1.5700464999999895 83
3.0  3.0  -449.07752 -808.50342 2.1417265000000043 93
3.0  3.0  -449.06741 -808.4933100000001 2.151836499999945 4
3.0  2.0  -433.89681 -809.10883 1.536316499999998 14
3.0  3.0  -449.06869 -808.49459 2.1505564999999933 24
3.0  3.0  -449.07689 -808.50279 2.1423565000000053 34
3.0  3.0  -449.07909 -808.5049899999999 2.140156500000103 44
3.0  3.0  -449.15424 -808.58014 2.0650064999999813 54
3.0  2.0  -433.86624 -809.07826 1.5668865000000096 64
3.0  3.0  -449.08007 -808.5059699999999 2.139176500000076 74
3.0  2.0  -433.87697 -809.08899 1.5561565000000428 84
3.0  3.0  -449.0699 -808.4957999999999 2.1493465000000924 94
3.0  3.0  -449.07536 -808.50126 2.143886500000008 5
7.0  1.0  -439.35052 -808.9223400000001 1.7228064999999333 15
3.0  3.0  -449.20113 -808.6270299999999 2.018116500000133 25
3.0  3.0  -449.06582 -808.49172 2.1534265000000232 35
3.0  3.0  -449.05637 -808.48227 2.1628765000000385 45
3.0  3.0  -449.0622 -808.4881 2.1570464999999786 55
3.0  3.0  -449.07899 -808.5048899999999 2.1402565000000777 65
3.0  3.0  -449.06805 -808.49395 2.151196499999969 75
3.0  3.0  -449.08209 -808.5079900000001 2.1371564999999464 85
3.0  3.0  -449.07395 -808.4998499999999 2.145296500000086 95
7.0  1.0  -437.84422 -807.4160400000001 3.2291064999999435 6
3.0  2.0  -433.87349 -809.08551 1.5596365000000105 16
2.0  2.0  -428.57517 -809.14377 1.5013764999999921 26
3.0  2.0  -433.86661 -809.07863 1.5665165000000343 36
3.0  3.0  -449.07765 -808.5035499999999 2.141596500000105 46
3.0  3.0  -449.0769 -808.5028 2.1423465000000306 56
3.0  3.0  -449.07099 -808.4968899999999 2.148256500000116 66
3.0  3.0  -449.06832 -808.49422 2.1509264999999687 76
3.0  3.0  -449.0755 -808.5013999999999 2.143746500000134 86
3.0  3.0  -449.14934 -808.5752399999999 2.0699065000001156 96
2.0  4.0  -458.77311 -807.76947 2.875676500000054 7
3.0  3.0  -449.07944 -808.5053399999999 2.139806500000077 17
3.0  3.0  -449.15472 -808.58062 2.0645265000000563 27
3.0  2.0  -434.17077 -809.38279 1.2623565000000099 37
3.0  3.0  -449.06975 -808.4956500000001 2.149496499999941 47
3.0  3.0  -449.08085 -808.50675 2.138396499999999 57
3.0  3.0  -449.15378 -808.57968 2.065466499999957 67
3.0  2.0  -433.53523 -808.74725 1.8978965000000017 77
3.0  3.0  -449.0792 -808.5051000000001 2.140046499999926 87
3.0  2.0  -433.45054 -808.66256 1.982586500000025 97
4.0  3.0  -453.80121 -807.8705299999999 2.774616500000093 8
3.0  3.0  -449.07426 -808.50016 2.144986499999959 18
3.0  2.0  -433.85592 -809.06794 1.5772064999999884 28
3.0  3.0  -449.06972 -808.4956199999999 2.1495265000000927 38
2.0  3.0  -443.82938 -808.61186 2.033286500000031 48
3.0  3.0  -449.06034 -808.48624 2.1589065000000573 58
3.0  2.0  -433.88342 -809.09544 1.5497064999999566 68
3.0  3.0  -449.07873 -808.5046299999999 2.1405165000001034 78
3.0  3.0  -449.07628 -808.50218 2.142966500000057 88
3.0  3.0  -449.06999 -808.4958899999999 2.1492565000000923 98
5.0  2.0  -443.69977 -808.19863 2.4465165000000297 9
3.0  3.0  -449.08257 -808.50847 2.1366765000000214 19
3.0  3.0  -449.07651 -808.50241 2.1427364999999554 29
3.0  2.0  -433.86604 -809.07806 1.5670864999999594 39
3.0  3.0  -449.06941 -808.49531 2.149836499999992 49
6.0  1.0  -433.38961 -808.31801 2.3271365000000515 59
3.0  3.0  -449.07804 -808.5039400000001 2.141206499999953 69
3.0  3.0  -449.06832 -808.49422 2.1509264999999687 79
2.0  3.0  -444.12448 -808.90696 1.7381864999999834 89
3.0  3.0  -449.07319 -808.49909 2.146056499999986 99
4.0  0.0  -408.614480  0.000 0.00000 103
